{
 "cells": [
  {
   "cell_type": "code",
   "execution_count": 1,
   "metadata": {},
   "outputs": [],
   "source": [
    "from sklearn.datasets import load_iris\n",
    "from sklearn.linear_model import LogisticRegressionCV\n",
    "from sklearn.externals import joblib"
   ]
  },
  {
   "cell_type": "code",
   "execution_count": 2,
   "metadata": {},
   "outputs": [],
   "source": [
    "data = load_iris()"
   ]
  },
  {
   "cell_type": "code",
   "execution_count": 3,
   "metadata": {},
   "outputs": [],
   "source": [
    "feature_names = data['feature_names']\n",
    "target_names = data['target_names']\n",
    "\n",
    "X = data['data']\n",
    "y = data['target']"
   ]
  },
  {
   "cell_type": "code",
   "execution_count": 4,
   "metadata": {},
   "outputs": [
    {
     "data": {
      "text/plain": [
       "array([5.1, 3.5, 1.4, 0.2])"
      ]
     },
     "execution_count": 4,
     "metadata": {},
     "output_type": "execute_result"
    }
   ],
   "source": [
    "X[0]"
   ]
  },
  {
   "cell_type": "code",
   "execution_count": 5,
   "metadata": {},
   "outputs": [
    {
     "data": {
      "text/plain": [
       "'{\"sepal length (cm)\": 5.1, \"sepal width (cm)\": 3.5, \"petal length (cm)\": 1.4, \"petal width (cm)\": 0.2}'"
      ]
     },
     "execution_count": 5,
     "metadata": {},
     "output_type": "execute_result"
    }
   ],
   "source": [
    "import json\n",
    "json.dumps({f:v for f, v in zip(feature_names, X[0])})"
   ]
  },
  {
   "cell_type": "code",
   "execution_count": 9,
   "metadata": {},
   "outputs": [
    {
     "data": {
      "text/plain": [
       "LogisticRegressionCV(Cs=50, class_weight=None, cv=5, dual=False,\n",
       "           fit_intercept=True, intercept_scaling=1.0, max_iter=500,\n",
       "           multi_class='multinomial', n_jobs=None, penalty='l2',\n",
       "           random_state=None, refit=True, scoring=None, solver='lbfgs',\n",
       "           tol=0.0001, verbose=0)"
      ]
     },
     "execution_count": 9,
     "metadata": {},
     "output_type": "execute_result"
    }
   ],
   "source": [
    "clf = LogisticRegressionCV(Cs=50,multi_class='multinomial', cv=5, max_iter=500, refit=True)\n",
    "clf.fit(X, y)"
   ]
  },
  {
   "cell_type": "code",
   "execution_count": 10,
   "metadata": {},
   "outputs": [
    {
     "data": {
      "text/plain": [
       "['model.pkl']"
      ]
     },
     "execution_count": 10,
     "metadata": {},
     "output_type": "execute_result"
    }
   ],
   "source": [
    "joblib.dump(clf, r'model.pkl')"
   ]
  },
  {
   "cell_type": "code",
   "execution_count": 11,
   "metadata": {},
   "outputs": [
    {
     "data": {
      "text/plain": [
       "['target_names.pkl']"
      ]
     },
     "execution_count": 11,
     "metadata": {},
     "output_type": "execute_result"
    }
   ],
   "source": [
    "joblib.dump(feature_names, 'feature_names.pkl')\n",
    "joblib.dump(target_names, 'target_names.pkl')"
   ]
  },
  {
   "cell_type": "code",
   "execution_count": 12,
   "metadata": {},
   "outputs": [
    {
     "data": {
      "text/plain": [
       "[[0.9951825989711168, 0.00481740102856309, 3.200843255114482e-13],\n",
       " [0.9907242296128234, 0.009275770385487112, 1.6894434553596684e-12],\n",
       " [0.9964609546227058, 0.003539045376889318, 4.050078495760187e-13],\n",
       " [0.9927220774920495, 0.007277922505156092, 2.7944311338953174e-12],\n",
       " [0.9964855662595553, 0.003514433740211571, 2.331407432059222e-13],\n",
       " [0.9908463189217421, 0.009153681075617403, 2.6405222847490803e-12],\n",
       " [0.9970266392110296, 0.0029733607881657787, 8.046456239666445e-13],\n",
       " [0.992909877151878, 0.007090122847125623, 9.962658831096717e-13],\n",
       " [0.9942114960771707, 0.005788503920340032, 2.4892914686537466e-12],\n",
       " [0.9891255237714289, 0.010874476226994577, 1.5764897936167894e-12],\n",
       " [0.9930928645416963, 0.006907135457948456, 3.551853014756657e-13],\n",
       " [0.9923839135225667, 0.0076160864751736385, 2.2596150943988556e-12],\n",
       " [0.9917857351870628, 0.00821426481193679, 1.0005616212154638e-12],\n",
       " [0.998439789206261, 0.0015602107936416902, 9.72518492647323e-14],\n",
       " [0.9975337341642512, 0.0024662658357373565, 1.1622941808125014e-14],\n",
       " [0.9972243731917759, 0.002775626808123458, 1.0059220835867723e-13],\n",
       " [0.9975963880950017, 0.002403611904888863, 1.0944685187554147e-13],\n",
       " [0.9952272054422217, 0.004772794557231288, 5.470336436057335e-13],\n",
       " [0.9836088699017637, 0.01639113009617345, 2.0628124186411847e-12],\n",
       " [0.9961590397909427, 0.003840960208604544, 4.527307987520806e-13],\n",
       " [0.9768456063801164, 0.023154393615260362, 4.623254887089725e-12],\n",
       " [0.9954261655082891, 0.0045738344906363386, 1.0745591246030364e-12],\n",
       " [0.9994576930029048, 0.0005423069970852732, 1.0058599846001343e-14],\n",
       " [0.9816810143158, 0.018318985650891115, 3.330875087708289e-11],\n",
       " [0.9794044115032658, 0.020595588472334166, 2.4400187037298504e-11],\n",
       " [0.979509537437263, 0.020490462554594698, 8.14238887430293e-12],\n",
       " [0.9902880504953966, 0.00971194949816102, 6.442376127251137e-12],\n",
       " [0.992330058303766, 0.007669941695533125, 7.008277539220939e-13],\n",
       " [0.9933997595397371, 0.006600240459823739, 4.392382511939664e-13],\n",
       " [0.9903621562557355, 0.009637843739860217, 4.404265986038526e-12],\n",
       " [0.9868189800225069, 0.013181019971460161, 6.0329741729825875e-12],\n",
       " [0.9882586226559069, 0.011741377341321498, 2.7716302011222027e-12],\n",
       " [0.9974310268292659, 0.0025689731706768615, 5.717805967755156e-14],\n",
       " [0.997752922485556, 0.002247077514413351, 3.065246305008455e-14],\n",
       " [0.9892256082019747, 0.010774391795330846, 2.6944198497001612e-12],\n",
       " [0.9962434515691493, 0.003756548430674148, 1.764875358582486e-13],\n",
       " [0.9941699241583934, 0.005830075841468839, 1.378486092211529e-13],\n",
       " [0.9968898227058186, 0.00311017729404341, 1.3798422320003825e-13],\n",
       " [0.9965529455970654, 0.0034470544021260254, 8.086467106802357e-13],\n",
       " [0.991917875522138, 0.00808212447687752, 9.844096751180231e-13],\n",
       " [0.9970055147832793, 0.0029944852164713476, 2.4957199249966693e-13],\n",
       " [0.9859528312300516, 0.01404716875639837, 1.354994900612342e-11],\n",
       " [0.9976150944192806, 0.0023849055803001995, 4.190462690006738e-13],\n",
       " [0.9920613879086339, 0.007938612077804602, 1.3561373363345917e-11],\n",
       " [0.9855649972272178, 0.014435002754188596, 1.8593533282191123e-11],\n",
       " [0.9919366460261073, 0.008063353970970135, 2.9226058296655376e-12],\n",
       " [0.9945833368074433, 0.005416663191969434, 5.871933886344384e-13],\n",
       " [0.995663368847358, 0.004336631151733598, 9.083217996755716e-13],\n",
       " [0.993941528638517, 0.0060584713611234855, 3.594108892587663e-13],\n",
       " [0.9938992101393357, 0.006100789860039917, 6.243508831115929e-13],\n",
       " [0.00016239278809955981, 0.9808299212745043, 0.019007685937396268],\n",
       " [0.0006998659498547, 0.968962507792269, 0.03033762625787635],\n",
       " [7.27914188031493e-05, 0.8990866055241088, 0.100840603057088],\n",
       " [0.0023278308851353564, 0.9839832544813228, 0.013688914633541879],\n",
       " [0.00020063216277757247, 0.9285337983377173, 0.07126556949950515],\n",
       " [0.0008107610447844443, 0.9506966765197934, 0.04849256243542223],\n",
       " [0.00044976467874946013, 0.8801004597141298, 0.11944977560712094],\n",
       " [0.06028137898321364, 0.9395132634638929, 0.00020535755289351424],\n",
       " [0.00021927004298033788, 0.9808026108543864, 0.018978119102633226],\n",
       " [0.010155127995404769, 0.9771142031017085, 0.012730668902886681],\n",
       " [0.01351993182647804, 0.9856422046970891, 0.0008378634764328041],\n",
       " [0.002583700248813823, 0.9765272663103576, 0.020889033440828597],\n",
       " [0.00098614855579018, 0.9974851494691014, 0.0015287019751083462],\n",
       " [0.0002813996140223755, 0.9021044758062088, 0.09761412457976888],\n",
       " [0.02349544247367713, 0.9757241483374895, 0.0007804091888332865],\n",
       " [0.0005552218263839002, 0.9909132222092846, 0.008531555964331654],\n",
       " [0.0012666169896081412, 0.8829373483990579, 0.11579603461133413],\n",
       " [0.0023074992640579758, 0.9961275067330604, 0.0015649940028816445],\n",
       " [0.000126001078454502, 0.8496743427551705, 0.15019965616637493],\n",
       " [0.004095302809803574, 0.9940029195085863, 0.0019017776816100975],\n",
       " [0.00022682622101134533, 0.4325510214901878, 0.5672221522888008],\n",
       " [0.00268421607029248, 0.9944664409058415, 0.002849343023866043],\n",
       " [3.620702306649092e-05, 0.6137585776460999, 0.38620521533083363],\n",
       " [0.00024420046509016156, 0.9594418762318738, 0.04031392330303621],\n",
       " [0.0007918330683648933, 0.9928054884444427, 0.006402678487192388],\n",
       " [0.0005252098835001008, 0.9881340965758555, 0.011340693540644388],\n",
       " [6.857740691371704e-05, 0.9319560097728244, 0.06797541282026189],\n",
       " [3.516890359474043e-05, 0.5511745209038145, 0.4487903101925908],\n",
       " [0.0006476485180122531, 0.9205922237378671, 0.07876012774412058],\n",
       " [0.016228189542058326, 0.9836426190911999, 0.00012919136674172026],\n",
       " [0.005430527188294895, 0.9929732189986994, 0.001596253813005573],\n",
       " [0.007520237553340707, 0.9918971193997598, 0.0005826430468994642],\n",
       " [0.004591779377330619, 0.9935628020699145, 0.0018454185527549019],\n",
       " [1.5782429991218462e-05, 0.24143590229676307, 0.7585483152732456],\n",
       " [0.0015876971123922742, 0.8500421396037562, 0.14837016328385141],\n",
       " [0.0016659141878410154, 0.9315841080316118, 0.06674997778054725],\n",
       " [0.00019481589350048753, 0.94383037638182, 0.055974807724679505],\n",
       " [0.00020879224540444602, 0.9724734581980335, 0.02731774955656203],\n",
       " [0.005332652126788354, 0.9877951418164014, 0.006872206056810333],\n",
       " [0.0033762350232243196, 0.9863461870274522, 0.010277577949323472],\n",
       " [0.001028694843422851, 0.9669477239237764, 0.03202358123280076],\n",
       " [0.0004955457959005126, 0.9437942898794163, 0.055710164324683197],\n",
       " [0.0027288706381691772, 0.9938870905086327, 0.003384038853198245],\n",
       " [0.044650054983888306, 0.95514084023183, 0.00020910478428177144],\n",
       " [0.00217479746015971, 0.9811193078278636, 0.0167058947119765],\n",
       " [0.0033200496725672097, 0.991182505889811, 0.005497444437621787],\n",
       " [0.0027723638860997534, 0.9863238730824003, 0.010903763031499963],\n",
       " [0.0010285435208344652, 0.9904702361211862, 0.00850122035797904],\n",
       " [0.14084812715079248, 0.8590991228918591, 5.2749957348380494e-05],\n",
       " [0.0032332679776852402, 0.9888053432832752, 0.00796138873903957],\n",
       " [9.517123445341735e-10, 0.00013504448896423563, 0.9998649545593236],\n",
       " [3.896643469097746e-06, 0.044517246587038685, 0.9554788567694922],\n",
       " [7.300527154630554e-09, 0.003843704334729773, 0.9961562883647431],\n",
       " [2.5811829485693655e-07, 0.021350389305693846, 0.9786493525760114],\n",
       " [8.900418874496236e-09, 0.0015031119906773697, 0.9984968791089037],\n",
       " [2.912099939066388e-11, 0.0003115813612901838, 0.9996884186095888],\n",
       " [0.00045860417877811687, 0.31373376931897345, 0.6858076265022485],\n",
       " [1.1034987157532318e-09, 0.003588043753858966, 0.9964119551426424],\n",
       " [1.4855652612968681e-08, 0.008539284164684333, 0.991460700979663],\n",
       " [1.2700646702162781e-09, 0.0004751280010233112, 0.9995248707289119],\n",
       " [1.1609260832888672e-05, 0.13140894675526416, 0.868579443983903],\n",
       " [8.468251371339753e-07, 0.04181255424494125, 0.9581865989299215],\n",
       " [1.695532599880573e-07, 0.01567127139145553, 0.9843285590552846],\n",
       " [2.639095018383125e-06, 0.027067417315311034, 0.9729299435896706],\n",
       " [3.8749873318692387e-07, 0.003512290995848495, 0.9964873215054182],\n",
       " [5.320289652731044e-07, 0.010048729951189892, 0.9899507380198449],\n",
       " [7.898398307112628e-07, 0.05053567013701542, 0.9494635400231538],\n",
       " [1.0806239575882196e-10, 0.0004172994577761394, 0.9995827004341614],\n",
       " [2.4696981428976025e-13, 1.6975988439867413e-05, 0.9999830240113131],\n",
       " [1.0695447928794254e-05, 0.29721138376477235, 0.7027779207872988],\n",
       " [2.3296639782542017e-08, 0.003263462495120824, 0.9967365142082393],\n",
       " [1.5100617833253773e-05, 0.05573156599502959, 0.944253333387137],\n",
       " [1.1732528884245435e-11, 0.00029273983523606404, 0.9997072601530315],\n",
       " [2.5673152144707846e-05, 0.2924595385586137, 0.7075147882892417],\n",
       " [9.203740311771075e-08, 0.008387589753901125, 0.9916123182086959],\n",
       " [3.157269523409453e-08, 0.018865672650284607, 0.98113429577702],\n",
       " [6.683562614543889e-05, 0.3964139573834362, 0.6035192069904183],\n",
       " [6.443374104526843e-05, 0.32391330833730614, 0.6760222579216486],\n",
       " [3.827786273900963e-08, 0.0042255358823505736, 0.9957744258397868],\n",
       " [2.1642859720698556e-07, 0.0973629931314878, 0.902636790439915],\n",
       " [2.3111787394727175e-09, 0.005218498788856316, 0.994781498899965],\n",
       " [3.508046509425996e-09, 0.006558573687756167, 0.9934414228041972],\n",
       " [2.243827652883585e-08, 0.002453940810397931, 0.9975460367513255],\n",
       " [2.587180461439434e-05, 0.4934147233790115, 0.5065594048163741],\n",
       " [7.491893908203888e-07, 0.08599324327996413, 0.9140060075306451],\n",
       " [5.431419481583501e-10, 0.001213012789352633, 0.9987869866675053],\n",
       " [5.4823824485406774e-08, 0.001702551383873241, 0.9982973937923024],\n",
       " [1.0857217481689699e-06, 0.0506118084091887, 0.9493871058690633],\n",
       " [0.00012614340500634492, 0.3971495782123315, 0.6027242783826622],\n",
       " [5.198619244329965e-07, 0.03257258272428844, 0.9674268974137871],\n",
       " [2.132954854460785e-08, 0.001954319171382445, 0.9980456594990689],\n",
       " [1.9261622794307996e-06, 0.04322928062571911, 0.9567687932120014],\n",
       " [3.896643469097746e-06, 0.044517246587038685, 0.9554788567694922],\n",
       " [4.68533501579625e-09, 0.0011263156052537158, 0.9988736797094113],\n",
       " [1.0871440713298121e-08, 0.0009543810822880297, 0.9990456080462713],\n",
       " [6.266819335954775e-07, 0.01818278160217085, 0.9818165917158955],\n",
       " [4.447818003903245e-06, 0.10163274609531361, 0.8983628060866825],\n",
       " [2.9087961664859664e-06, 0.06666428670791393, 0.9333328044959195],\n",
       " [4.545828247448609e-07, 0.006377604159431899, 0.9936219412577435],\n",
       " [1.6551479811251455e-05, 0.12513548879036324, 0.8748479597298257]]"
      ]
     },
     "execution_count": 12,
     "metadata": {},
     "output_type": "execute_result"
    }
   ],
   "source": [
    "clf.predict_proba(X).tolist()"
   ]
  },
  {
   "cell_type": "code",
   "execution_count": 94,
   "metadata": {},
   "outputs": [],
   "source": [
    "import pandas as pd\n",
    "import urllib\n",
    "import requests\n",
    "import time"
   ]
  },
  {
   "cell_type": "code",
   "execution_count": 129,
   "metadata": {},
   "outputs": [
    {
     "data": {
      "text/plain": [
       "<Response [200]>"
      ]
     },
     "execution_count": 129,
     "metadata": {},
     "output_type": "execute_result"
    }
   ],
   "source": [
    "t1 = time.time()\n",
    "res=requests.post('http://irisrest.azurewebsites.net/predict?key=a7444d96',\n",
    "                json=json.dumps([{f:v for f, v in zip(feature_names, X_)} for X_ in X]))\n",
    "# res=requests.post('http://localhost:80/predict?key=a7444d96',\n",
    "#                 json=json.dumps([{f:v for f, v in zip(feature_names, X_)} for X_ in X]))\n",
    "t2 = time.time()\n",
    "res"
   ]
  },
  {
   "cell_type": "code",
   "execution_count": 130,
   "metadata": {},
   "outputs": [
    {
     "data": {
      "text/plain": [
       "0.1360623836517334"
      ]
     },
     "execution_count": 130,
     "metadata": {},
     "output_type": "execute_result"
    }
   ],
   "source": [
    "t2 - t1"
   ]
  },
  {
   "cell_type": "code",
   "execution_count": 131,
   "metadata": {},
   "outputs": [
    {
     "data": {
      "text/plain": [
       "{'prediction': [[0.9951825989711168,\n",
       "   0.004817401028563094,\n",
       "   3.200843255114482e-13],\n",
       "  [0.9907242296128234, 0.00927577038548713, 1.6894434553596684e-12],\n",
       "  [0.9964609546227058, 0.003539045376889318, 4.050078495760187e-13],\n",
       "  [0.9927220774920495, 0.007277922505156092, 2.7944311338953376e-12],\n",
       "  [0.9964855662595553, 0.003514433740211571, 2.331407432059222e-13],\n",
       "  [0.9908463189217421, 0.009153681075617403, 2.6405222847490803e-12],\n",
       "  [0.9970266392110296, 0.0029733607881657757, 8.046456239666445e-13],\n",
       "  [0.992909877151878, 0.007090122847125635, 9.96265883109675e-13],\n",
       "  [0.9942114960771707, 0.005788503920340032, 2.4892914686537466e-12],\n",
       "  [0.9891255237714289, 0.010874476226994577, 1.576489793616795e-12],\n",
       "  [0.9930928645416963, 0.00690713545794845, 3.55185301475667e-13],\n",
       "  [0.9923839135225667, 0.007616086475173645, 2.2596150943988717e-12],\n",
       "  [0.9917857351870628, 0.00821426481193679, 1.0005616212154638e-12],\n",
       "  [0.998439789206261, 0.001560210793641693, 9.725184926473264e-14],\n",
       "  [0.9975337341642512, 0.0024662658357373565, 1.1622941808125014e-14],\n",
       "  [0.9972243731917759, 0.002775626808123458, 1.0059220835867723e-13],\n",
       "  [0.9975963880950017, 0.0024036119048888673, 1.0944685187554225e-13],\n",
       "  [0.9952272054422217, 0.004772794557231284, 5.470336436057296e-13],\n",
       "  [0.9836088699017639, 0.016391130096173424, 2.0628124186411928e-12],\n",
       "  [0.9961590397909427, 0.003840960208604544, 4.527307987520806e-13],\n",
       "  [0.9768456063801164, 0.023154393615260404, 4.623254887089742e-12],\n",
       "  [0.9954261655082891, 0.00457383449063633, 1.0745591246030364e-12],\n",
       "  [0.9994576930029048, 0.0005423069970852732, 1.0058599846001343e-14],\n",
       "  [0.9816810143158, 0.018318985650891115, 3.330875087708289e-11],\n",
       "  [0.9794044115032658, 0.02059558847233413, 2.4400187037298504e-11],\n",
       "  [0.979509537437263, 0.020490462554594715, 8.142388874302959e-12],\n",
       "  [0.9902880504953966, 0.00971194949816102, 6.442376127251137e-12],\n",
       "  [0.992330058303766, 0.007669941695533125, 7.008277539220939e-13],\n",
       "  [0.9933997595397371, 0.006600240459823739, 4.392382511939664e-13],\n",
       "  [0.9903621562557355, 0.009637843739860217, 4.404265986038526e-12],\n",
       "  [0.9868189800225069, 0.013181019971460185, 6.0329741729825875e-12],\n",
       "  [0.9882586226559069, 0.011741377341321498, 2.7716302011222027e-12],\n",
       "  [0.9974310268292659, 0.0025689731706768637, 5.717805967755136e-14],\n",
       "  [0.997752922485556, 0.0022470775144133527, 3.065246305008455e-14],\n",
       "  [0.9892256082019747, 0.010774391795330846, 2.6944198497001612e-12],\n",
       "  [0.9962434515691493, 0.003756548430674148, 1.764875358582486e-13],\n",
       "  [0.9941699241583934, 0.005830075841468854, 1.378486092211534e-13],\n",
       "  [0.9968898227058186, 0.00311017729404341, 1.3798422320003825e-13],\n",
       "  [0.9965529455970654, 0.0034470544021260254, 8.086467106802357e-13],\n",
       "  [0.991917875522138, 0.00808212447687752, 9.844096751180231e-13],\n",
       "  [0.9970055147832793, 0.002994485216471353, 2.4957199249966693e-13],\n",
       "  [0.9859528312300516, 0.014047168756398344, 1.354994900612342e-11],\n",
       "  [0.9976150944192806, 0.0023849055803002034, 4.1904626900067524e-13],\n",
       "  [0.9920613879086339, 0.007938612077804623, 1.3561373363345965e-11],\n",
       "  [0.9855649972272178, 0.014435002754188596, 1.8593533282191123e-11],\n",
       "  [0.9919366460261073, 0.008063353970970135, 2.9226058296655376e-12],\n",
       "  [0.9945833368074433, 0.005416663191969434, 5.871933886344384e-13],\n",
       "  [0.995663368847358, 0.004336631151733598, 9.083217996755716e-13],\n",
       "  [0.993941528638517, 0.006058471361123474, 3.594108892587663e-13],\n",
       "  [0.9938992101393357, 0.006100789860039917, 6.243508831115929e-13],\n",
       "  [0.00016239278809955924, 0.9808299212745043, 0.019007685937396268],\n",
       "  [0.0006998659498547019, 0.968962507792269, 0.030337626257876338],\n",
       "  [7.27914188031493e-05, 0.8990866055241088, 0.100840603057088],\n",
       "  [0.002327830885135348, 0.9839832544813228, 0.013688914633541879],\n",
       "  [0.00020063216277757247, 0.9285337983377173, 0.07126556949950517],\n",
       "  [0.0008107610447844443, 0.9506966765197934, 0.04849256243542225],\n",
       "  [0.00044976467874946013, 0.8801004597141298, 0.11944977560712094],\n",
       "  [0.06028137898321362, 0.9395132634638929, 0.00020535755289351461],\n",
       "  [0.00021927004298033794, 0.9808026108543866, 0.018978119102633164],\n",
       "  [0.01015512799540476, 0.9771142031017085, 0.01273066890288667],\n",
       "  [0.013519931826478027, 0.9856422046970891, 0.0008378634764328063],\n",
       "  [0.002583700248813823, 0.9765272663103576, 0.020889033440828597],\n",
       "  [0.00098614855579018, 0.9974851494691014, 0.0015287019751083462],\n",
       "  [0.0002813996140223755, 0.9021044758062088, 0.09761412457976892],\n",
       "  [0.02349544247367714, 0.9757241483374895, 0.0007804091888332879],\n",
       "  [0.0005552218263838996, 0.9909132222092846, 0.008531555964331632],\n",
       "  [0.0012666169896081412, 0.8829373483990579, 0.11579603461133413],\n",
       "  [0.0023074992640579697, 0.9961275067330604, 0.0015649940028816432],\n",
       "  [0.000126001078454502, 0.8496743427551705, 0.15019965616637493],\n",
       "  [0.004095302809803577, 0.9940029195085863, 0.0019017776816100957],\n",
       "  [0.00022682622101134498, 0.4325510214901887, 0.5672221522887999],\n",
       "  [0.002684216070292475, 0.9944664409058415, 0.002849343023866048],\n",
       "  [3.620702306649105e-05, 0.6137585776461, 0.3862052153308335],\n",
       "  [0.00024420046509016156, 0.9594418762318738, 0.04031392330303622],\n",
       "  [0.0007918330683648905, 0.9928054884444427, 0.006402678487192388],\n",
       "  [0.0005252098835001009, 0.9881340965758557, 0.01134069354064437],\n",
       "  [6.857740691371701e-05, 0.9319560097728241, 0.06797541282026211],\n",
       "  [3.516890359474043e-05, 0.5511745209038145, 0.4487903101925908],\n",
       "  [0.0006476485180122555, 0.9205922237378671, 0.07876012774412058],\n",
       "  [0.016228189542058298, 0.9836426190911999, 0.00012919136674172072],\n",
       "  [0.005430527188294886, 0.9929732189986994, 0.001596253813005573],\n",
       "  [0.007520237553340721, 0.9918971193997598, 0.0005826430468994642],\n",
       "  [0.004591779377330623, 0.9935628020699145, 0.0018454185527549004],\n",
       "  [1.5782429991218422e-05, 0.2414359022967625, 0.7585483152732463],\n",
       "  [0.0015876971123922694, 0.8500421396037567, 0.14837016328385097],\n",
       "  [0.001665914187841014, 0.9315841080316118, 0.06674997778054724],\n",
       "  [0.00019481589350048756, 0.9438303763818201, 0.055974807724679346],\n",
       "  [0.0002087922454044453, 0.9724734581980335, 0.02731774955656203],\n",
       "  [0.005332652126788364, 0.9877951418164014, 0.006872206056810345],\n",
       "  [0.0033762350232243135, 0.9863461870274522, 0.010277577949323472],\n",
       "  [0.00102869484342285, 0.9669477239237764, 0.032023581232800746],\n",
       "  [0.0004955457959005125, 0.943794289879416, 0.055710164324683384],\n",
       "  [0.0027288706381691746, 0.9938870905086327, 0.003384038853198242],\n",
       "  [0.044650054983888306, 0.95514084023183, 0.00020910478428177144],\n",
       "  [0.0021747974601597077, 0.9811193078278636, 0.01670589471197652],\n",
       "  [0.0033200496725672153, 0.991182505889811, 0.005497444437621787],\n",
       "  [0.002772363886099753, 0.9863238730824001, 0.01090376303149998],\n",
       "  [0.0010285435208344652, 0.9904702361211862, 0.008501220357979056],\n",
       "  [0.14084812715079265, 0.859099122891859, 5.274995734838049e-05],\n",
       "  [0.0032332679776852376, 0.9888053432832752, 0.007961388739039591],\n",
       "  [9.517123445341668e-10, 0.00013504448896423587, 0.9998649545593236],\n",
       "  [3.896643469097746e-06, 0.044517246587038706, 0.9554788567694922],\n",
       "  [7.300527154630503e-09, 0.003843704334729763, 0.9961562883647431],\n",
       "  [2.5811829485693745e-07, 0.021350389305693836, 0.9786493525760114],\n",
       "  [8.900418874496301e-09, 0.001503111990677375, 0.9984968791089037],\n",
       "  [2.912099939066367e-11, 0.00031158136129018273, 0.9996884186095888],\n",
       "  [0.0004586041787781179, 0.3137337693189742, 0.6858076265022477],\n",
       "  [1.1034987157532397e-09, 0.003588043753858963, 0.9964119551426424],\n",
       "  [1.4855652612968681e-08, 0.008539284164684333, 0.991460700979663],\n",
       "  [1.2700646702162692e-09, 0.0004751280010233091, 0.9995248707289119],\n",
       "  [1.1609260832888669e-05, 0.13140894675526418, 0.8685794439839029],\n",
       "  [8.468251371339753e-07, 0.04181255424494127, 0.9581865989299215],\n",
       "  [1.695532599880573e-07, 0.01567127139145553, 0.9843285590552846],\n",
       "  [2.6390950183831344e-06, 0.027067417315311048, 0.9729299435896706],\n",
       "  [3.8749873318692525e-07, 0.003512290995848495, 0.9964873215054182],\n",
       "  [5.320289652731062e-07, 0.010048729951189928, 0.9899507380198449],\n",
       "  [7.89839830711263e-07, 0.050535670137015404, 0.949463540023154],\n",
       "  [1.0806239575882196e-10, 0.0004172994577761394, 0.9995827004341614],\n",
       "  [2.469698142897585e-13, 1.6975988439867352e-05, 0.9999830240113131],\n",
       "  [1.0695447928794254e-05, 0.29721138376477235, 0.7027779207872988],\n",
       "  [2.3296639782542017e-08, 0.003263462495120836, 0.9967365142082393],\n",
       "  [1.5100617833253722e-05, 0.055731565995029576, 0.9442533333871372],\n",
       "  [1.1732528884245435e-11, 0.00029273983523606404, 0.9997072601530315],\n",
       "  [2.5673152144707843e-05, 0.29245953855861373, 0.7075147882892416],\n",
       "  [9.203740311771009e-08, 0.008387589753901125, 0.9916123182086959],\n",
       "  [3.157269523409453e-08, 0.018865672650284684, 0.98113429577702],\n",
       "  [6.683562614543875e-05, 0.3964139573834354, 0.6035192069904192],\n",
       "  [6.443374104526843e-05, 0.32391330833730614, 0.6760222579216486],\n",
       "  [3.827786273900963e-08, 0.004225535882350558, 0.9957744258397868],\n",
       "  [2.164285972069848e-07, 0.0973629931314878, 0.902636790439915],\n",
       "  [2.3111787394727175e-09, 0.005218498788856316, 0.994781498899965],\n",
       "  [3.5080465094259706e-09, 0.006558573687756167, 0.9934414228041972],\n",
       "  [2.243827652883585e-08, 0.002453940810397931, 0.9975460367513255],\n",
       "  [2.5871804614394392e-05, 0.4934147233790123, 0.5065594048163734],\n",
       "  [7.491893908203837e-07, 0.08599324327996385, 0.9140060075306454],\n",
       "  [5.431419481583501e-10, 0.0012130127893526384, 0.9987869866675053],\n",
       "  [5.4823824485406774e-08, 0.001702551383873235, 0.9982973937923024],\n",
       "  [1.0857217481689699e-06, 0.050611808409188684, 0.9493871058690633],\n",
       "  [0.00012614340500634522, 0.3971495782123322, 0.6027242783826614],\n",
       "  [5.198619244329966e-07, 0.032572582724288424, 0.9674268974137873],\n",
       "  [2.1329548544608e-08, 0.001954319171382452, 0.9980456594990689],\n",
       "  [1.9261622794307996e-06, 0.04322928062571913, 0.9567687932120014],\n",
       "  [3.896643469097746e-06, 0.044517246587038706, 0.9554788567694922],\n",
       "  [4.68533501579625e-09, 0.0011263156052537158, 0.9988736797094113],\n",
       "  [1.0871440713298045e-08, 0.0009543810822880297, 0.9990456080462713],\n",
       "  [6.266819335954751e-07, 0.018182781602170857, 0.9818165917158955],\n",
       "  [4.447818003903245e-06, 0.10163274609531366, 0.8983628060866825],\n",
       "  [2.9087961664859664e-06, 0.0666642867079139, 0.9333328044959195],\n",
       "  [4.5458282474485934e-07, 0.006377604159431905, 0.9936219412577435],\n",
       "  [1.6551479811251404e-05, 0.12513548879036285, 0.874847959729826]]}"
      ]
     },
     "execution_count": 131,
     "metadata": {},
     "output_type": "execute_result"
    }
   ],
   "source": [
    "res.json()"
   ]
  },
  {
   "cell_type": "code",
   "execution_count": null,
   "metadata": {},
   "outputs": [],
   "source": []
  }
 ],
 "metadata": {
  "kernelspec": {
   "display_name": "Python 3",
   "language": "python",
   "name": "python3"
  },
  "language_info": {
   "codemirror_mode": {
    "name": "ipython",
    "version": 3
   },
   "file_extension": ".py",
   "mimetype": "text/x-python",
   "name": "python",
   "nbconvert_exporter": "python",
   "pygments_lexer": "ipython3",
   "version": "3.7.3"
  }
 },
 "nbformat": 4,
 "nbformat_minor": 2
}
